11034
11041
11484
12355
12356
12357
12358
12359
12360
12361
12362
12363
12364
12365
12366
12367
12368
12369
12370
12371
12372
12373
12437
12438
12439
12440
12441
12442
12443
12444
12445
12446
12447
12448
12449
12450
12451
12452
12453
12454
12455
12456
12457
12458
12459
12460
12461
12462
12463
12464
12465
12466
12467
12471
12473
12474
12475
12481
12482
12484
12488
12489
12490
12491
12492
12493
12494
12495
12496
12497
12498
12499
12500
12501
12504
12505
12506
12507
12508
12509
12510
12511
12512
12513
12514
12515
12516
12518
12519
12520
12521
12522
12523
12524
12527
12528
12529
12533
12537
12538
12539
12542
12543
12544
12545
12546
12547
12551
12552
12553
12554
12555
12556
12557
12558
12559
12560
12561
12562
12563
12564
12565
12566
12568
12569
12570
12571
12572
12573
12574
12575
12576
12577
12578
12580
12581
12586
12587
12593
12594
12595
12596
12597
12598
12599
12600
12601
12602
12603
12604
12605
12606
12607
12608
12609
12612
12613
12614
12615
12616
12621
12625
12629
12630
12631
12633
12634
12635
12636
12637
12638
12639
12650
12651
12654
12656
12657
12659
12660
12661
12662
12665
12668
12669
12670
12673
12675
12677
12678
12679
12680
12681
12682
12683
12684
12685
12686
12687
12688
12689
12690
12691
12692
12693
12694
12695
12696
12697
12698
12699
12700
12701
12702
12703
12704
12705
12706
12707
12708
12709
12710
12711
12712
12713
12714
12715
12716
12717
12718
12719
12720
12721
12722
12723
12724
12726
12727
12728
12729
12730
12731
12732
12733
12734
12735
12736
12737
12738
12739
12740
12741
12742
12743
12744
12745
12746
12747
12748
12749
12750
12751
12752
12753
12754
12755
12756
12757
12779
12780
12864
12865
12869
12870
12871
12872
12873
12874
12875
12876
12877
12878
12880
12881
12882
12883
12884
12885
12886
12887
12888
12889
12890
12891
12892
12893
12894
12895
12896
12897
12899
12901
12941
12942
12943
12944
12945
12946
12947
12948
12950
12951
12952
12953
12954
12955
12956
12957
12958
12959
12960
12961
12962
12963
12964
13034
13065
13066
13067
13069
13070
13071
13072
13073
13075
13076
13077
13079
13080
13081
13082
13083
13084
13085
13086
13087
13088
13089
13090
13091
13092
13093
13095
13097
13098
13099
13100
13104
13105
13106
13107
13108
13109
13110
13111
13112
13113
13114
13115
13116
13117
13118
13122
13123
13124
13125
13126
13127
13130
13131
13132
13135
13136
13137
13138
13139
13140
13141
13142
13144
13145
13147
13148
13149
13150
13151
13152
13153
13154
13155
13156
13157
13158
13159
13160
13161
13162
13163
13164
13166
13167
13168
13169
13171
13172
13173
13174
13175
13176
13177
13179
13180
13181
13182
13183
13187
13188
13189
13190
13191
13192
13194
13195
13196
13197
13198
13199
13200
13201
13202
13203
13204
13205
13206
13207
13208
13209
13210
13211
13212
13216
13222
13223
13225
13226
13229
13235
13245
13248
13249
13250
13251
13252
13254
13255
13259
13260
13261
13262
13263
13264
13265
13266
13271
13272
13273
13274
13275
13276
13277
13278
13279
13280
13281
13282
13283
13284
13285
13286
13287
13288
13289
13290
13291
13292
13293
13294
13295
13296
13297
13298
13299
13300
13302
13303
13304
13305
13306
13307
13308
13309
13310
13311
13312
13313
13315
13316
13317
13318
13319
13320
13321
13322
13323
13324
13325
13326
13339
13340
13341
13355
13356
13357
13360
13363
13364
13365
13366
13367
13368
13369
13370
13371
13372
13373
13374
13375
13376
13377
13378
13379
13380
13381
13382
13383
13384
13385
13386
13387
13388
13389
13390
13391
13392
13393
13394
13395
13396
13397
13398
13399
13400
13401
13402
13403
13404
13405
13407
13408
13409
13410
13411
13412
13413
13414
13415
13419
13420
13421
13424
13425
13426
13427
13428
13429
13430
13431
13432
13433
13434
13435
13436
13437
13438
13439
13440
13441
13442
13443
13444
13445
13446
13447
13448
13449
13450
13451
13452
13453
13454
13455
13456
13457
13458
13459
13460
13461
13462
13463
13464
13465
13466
13467
13468
13469
13472
13473
13474
13475
13476
13477
13478
13479
13480
13481
13482
13483
13484
13485
13486
13487
13488
13489
13490
13491
13492
13493
13494
13495
13496
13497
13498
13644
13645
13646
13647
13648
13649
13653
13662
13663
13664
13665
13666
13667
13668
13669
13670
13671
13672
13673
13674
13675
13676
13677
13678
13679
13680
13681
13682
13683
13684
13685
13692
13696
13697
13698
13699
13700
13701
13702
13703
13704
13705
13706
13707
13708
13709
13710
13711
13712
13713
13714
13715
13716
13717
13718
13719
13720
13721
13722
13723
13725
13726
13727
13728
13729
13731
13732
13733
13734
13735
13736
13737
13738
13739
13744
13760
13762
13764
13765
13766
13791
13793
13794
13795
13796
13797
13798
13799
13800
13801
13802
13803
13804
13805
13806
13807
13810
13812
13814
13815
13816
13817
13818
13819
13820
13821
13823
13824
13825
13826
13827
13828
13829
13830
13831
13832
13833
13834
13835
13836
13837
13838
13839
13840
13841
13842
13843
13844
13845
13846
13847
13848
13849
13850
13851
13853
13854
13855
13856
13859
13860
13861
13862
13863
13864
13866
13867
13871
13872
13878
13879
13880
13881
13882
13883
13884
13885
13886
13887
13888
13889
13890
13891
13892
13893
13894
13895
13896
13897
13898
13899
13900
13901
13902
13903
13904
13905
13906
13909
13910
13911
13912
13913
13914
13915
13916
13917
13918
13919
13924
13925
13926
13927
13928
13929
13930
13931
13932
13933
13934
13942
13943
13944
13946
13947
13948
13952
13953
13954
13955
13956
13957
13958
13959
13960
13961
13963
13964
13965
13966
13967
13968
13969
13970
13971
13972
13973
13974
13975
13976
13977
13978
13979
13982
13986
13987
13988
13989
13990
13991
13992
13993
13994
13995
13996
13997
13998
13999
14007
14009
14010
14011
14012
14013
14014
14015
14016
14017
14018
14019
14020
14021
14022
14024
14028
14029
14030
14031
14032
14033
14034
14036
14039
14043
14044
14046
14047
14052
14053
14054
14055
14057
14058
14059
14060
14065
14066
14067
14068
14069
14072
14073
14074
14075
14076
14077
14078
14079
14080
14081
14082
14083
14084
14085
14086
14087
14088
14089
14090
14091
14092
14093
14094
14095
14096
14097
14098
14099
14100
14101
14102
14103
14104
14105
14106
14107
14108
14109
14111
14113
14114
14115
14116
14117
14118
14119
14120
14121
14122
14123
14124
14125
14126
14127
14128
14129
14130
14131
14132
14133
14138
14151
14155
14158
14159
14160
14161
14162
14163
14164
14167
14168
14169
14170
14171
14172
14173
14176
14177
14178
14179
14180
14181
14182
14183
14184
14185
14186
14210
14212
14213
14214
14215
14217
14221
14222
14223
14224
14225
14226
14227
14228
14229
14231
14232
14233
14241
14242
14243
14244
14245
14246
14248
14249
14250
14251
14253
14255
14257
14258
14259
14260
14261
14262
14264
14265
14266
14268
14269
14270
14271
14273
14274
14275
14276
14277
14278
14280
14281
14282
14283
14284
14285
14286
14288
14307
14308
14309
14310
14311
14312
14313
14314
14325
14326
14327
14328
14329
14330
14331
14332
14333
14334
14335
14338
14339
14340
14341
14343
14344
14345
14346
14347
14348
14349
14350
14351
14360
14361
14364
14365
14366
14367
14368
14369
14371
14372
14373
14377
14379
14387
14388
14389
14390
14391
14393
14394
14395
14396
14408
14409
14410
14411
14412
14413
14414
14415
14416
14417
14418
14419
14420
14421
14422
14423
14424
14425
14427
14428
14429
14431
14432
14433
14434
14435
14436
14437
14438
14439
14440
14441
14448
14449
14450
14451
14452
14457
14462
14463
14464
14465
14467
14469
14470
14471
14472
14473
14474
14475
14476
14477
14478
14479
14480
14481
14482
14483
14484
14485
14486
14487
14488
14489
14490
14491
14492
14493
14494
14495
14496
14497
14498
14499
14528
14529
14590
14731
14732
14733
14734
14735
14736
14737
14738
14739
14740
14741
14742
14743
14744
14745
14746
14747
14748
14749
14750
14751
14752
14753
14754
14755
14756
14757
14758
14760
14767
14772
14775
14776
14777
14778
14779
14782
14783
14784
14785
14786
14787
14788
14789
14790
14791
14792
14800
14801
14803
14805
14806
14807
14808
14809
14810
14811
14812
14813
14814
14815
14816
14817
14818
14819
14820
14821
14822
14823
14824
14825
14826
14827
14828
14829
14830
14831
14832
14833
14834
14835
14836
14837
14838
14839
14840
14841
14842
14843
14844
14845
14846
14847
14848
14849
14851
14852
14853
14854
14855
14856
14857
14858
14859
14860
14872
14873
14874
14875
14876
14877
14878
14879
14880
14881
14882
14883
14884
14885
14886
14887
14888
14889
14890
14891
14892
14893
14894
14895
14900
14901
14902
14903
14904
14905
14906
14907
14908
14909
14920
14925
14926
14927
14928
14929
14930
14931
14932
14933
14939
14941
14942
14943
14944
14945
14946
14947
14948
14949
14950
14951
14953
14955
14957
14958
14959
14961
14962
14963
14964
14965
14966
14967
14968
14969
14970
14971
14972
14973
14974
14975
14976
14978
14979
14980
14981
14982
14983
14984
14985
14986
14987
14988
14989
14990
14991
14992
14993
14994
14995
14996
15000
15001
15012
15019
15020
15023
15029
15031
15039
15041
15042
15043
15044
15045
15046
15047
15050
15051
15061
15064
15066
15067
15070
15078
15079
15080
15081
15086
15088
15089
15091
15092
15093
15094
15095
15097
15112
15116
15119
15120
15123
15124
15125
15126
15129
15130
15131
15132
15133
15134
15135
15136
15137
15138
15140
15142
15143
15144
15146
15147
15148
15149
15150
15151
15152
15153
15154
15155
15156
15157
15158
15159
15160
15161
15162
15163
15164
15165
15169
15170
15171
15172
15173
15174
15175
15176
15177
15178
15180
15181
15184
15185
15186
15189
15190
15192
15193
15194
15195
15196
15197
15198
15199
15200
15201
15202
15203
15204
15205
15206
15210
15211
15212
15213
15214
15215
15216
15217
15218
15220
15221
15222
15223
15225
15226
15227
15228
15229
15230
15231
15232
15233
15234
15235
15237
15238
15242
15243
15245
15249
15250
15251
15252
15253
15254
15256
15257
15258
15259
15262
15263
15264
15265
15266
15267
15268
15269
15270
15271
15272
15274
15275
15276
15277
15279
15280
15283
15284
15285
15286
15288
15289
15290
15291
15306
15307
15308
15309
15310
15311
15312
15313
15314
15315
15316
15317
15319
15321
15322
15323
15324
15325
15326
15327
15328
15329
15331
15338
15343
15351
15353
15355
15365
15377
15380
15391
15394
15395
15396
15397
15398
15399
15400
15401
15402
15403
15404
15405
15406
15407
15408
15409
15410
15411
15412
15413
15414
15416
15418
15419
15420
15421
15422
15423
15424
15425
15456
15458
15459
15461
15462
15463
15465
15467
15468
15516
15519
15520
15521
15522
15525
15526
15527
15528
15529
15530
15531
15532
15534
15536
15537
15539
15540
15541
15542
15543
15544
15545
15548
15549
15550
15551
15552
15553
15554
15555
15556
15557
15558
15559
15560
15561
15562
15563
15564
15565
15566
15567
15568
15571
15573
15576
15577
15578
15579
15580
15581
15582
15583
15584
15585
15586
15587
15588
15589
15590
15591
15592
15593
15594
15595
15596
15597
15598
15599
15600
15601
15602
15603
15605
15606
15607
15608
15609
15610
15612
15613
15615
15616
15617
15621
15627
15629
15634
15635
15636
15637
15639
15642
15646
15647
15648
15649
15650
15651
15652
15653
15654
15658
15659
15660
15663
15664
15665
15666
15667
15668
15669
15670
15671
15672
15673
15674
15675
15676
15677
15678
15679
15680
15682
15685
15687
15694
15717
15718
15719
15726
15727
15728
15730
15742
15743
15744
15745
15746
15747
15748
15749
15750
15762
15763
15774
15775
15776
15779
15780
15793
15794
15795
15800
15801
15802
15805
15808
15809
15810
15811
15812
15814
15815
15816
15830
15839
15854
15856
15857
15861
15862
15863
15864
15865
15866
15876
15890
15891
15892
15893
15902
15904
15908
15910
15920
15921
15930
15931
15932
15933
15934
15935
15939
15957
15958
15978
15979
15980
15982
15983
15984
15991
15994
15995
15996
15997
15998
15999
16000
16001
16002
16003
16004
16044
16061
16062
16067
16069
16070
16071
16072
16073
16074
16075
16076
16077
16078
16079
16080
16081
16083
16085
16092
16093
16094
16096
16097
16101
16102
16104
16107
16109
16110
16111
16112
16113
16114
16115
16116
16118
16121
16122
16123
16124
16125
16126
16127
16128
16129
16130
16131
16132
16133
16134
16140
16141
16164
16165
16166
16167
16168
16169
16170
16171
16175
16176
16190
16191
16197
16198
16199
16200
16201
16202
16203
16204
16205
16206
16207
16208
16209
16210
16211
16212
16213
16214
16215
16216
16217
16218
16219
16220
16221
16227
16229
16230
16233
16234
16235
16236
16237
16238
16239
16240
16241
16242
16243
16244
16245
16246
16247
16248
16249
16250
16251
16254
16256
16257
16258
16259
16260
16261
16262
16263
16264
16265
16266
16267
16268
16269
16270
16271
16272
16273
16283
16286
16287
16295
16313
16314
16315
16316
16317
16318
16319
16320
16321
16322
16323
16324
16331
16333
16351
16352
16353
16357
16358
16360
16368
16376
16380
16386
16389
16390
16396
16401
16403
16404
16406
16408
16416
16422
16425
16426
16428
16429
16433
16434
16454
16455
16456
16457
16458
16459
16460
16461
16462
16463
16466
16467
16468
16469
16471
16472
16473
16474
16479
16480
16481
16482
16485
16486
16487
16488
16490
16494
16497
16500
16507
16508
16509
16510
16511
16512
16513
16514
16515
16516
16517
16518
16519
16520
16521
16522
16523
16524
16525
16526
16527
16528
16529
16530
16531
16532
16533
16537
16538
16539
16540
16541
16542
16543
16544
16545
16552
16553
16556
16557
16558
16559
16560
16561
16562
16563
16564
16565
16567
16568
16569
16570
16572
16574
16577
16578
16579
16580
16581
16582
16585
16586
16587
16588
16589
16590
16591
16592
16593
16594
16595
16596
16599
16600
16601
16602
16603
16604
16605
16606
16607
16608
16609
16610
16611
16612
16613
16617
16621
16622
16624
16626
16627
16628
16629
16630
16633
16634
16635
16636
16637
16638
16641
16645
16646
16650
16655
16663
16665
16666
16667
16680
16681
16682
16683
16684
16685
16686
16687
16689
16694
16696
16710
16711
16720
16736
16866
16867
16869
16870
16871
16988
17101
17102
30000
30001
30002
30003
6316
6358
6368
6463
6464
6465
6466
6467
6468
6469
6470
6471
6472
6473
6474
6475
6476
6477
6478
6479
6480
6481
6482
6483
6484
6485
6486
6487
6488
6489
6490
6491
6492
6493
6494
6495
6496
6497
6498
6499
6500
6501
6502
6503
6504
6505
6506
6507
6508
6509
6510
6511
6512
6517
6519
6520
6521
6522
6523
6524
6525
6526
6527
6528
6529
6530
6532
6534
6536
6538
6543
6544
6545
6546
6547
6548
6549
6550
6552
6553
6554
6555
6556
6557
6558
6559
6560
6563
6565
6566
6567
6568
6573
6574
6575
6576
6580
6581
6582
6583
6584
6585
6586
6589
6590
6591
6592
6593
6594
6595
6596
6597
6598
6599
6600
6601
6602
6603
6604
6605
6606
6607
6608
6609
6611
6612
6613
6615
6616
6617
6620
6621
6622
6623
6624
6625
6626
6627
6628
6629
6630
6631
6632
6633
6636
6638
6639
6640
6641
6642
6643
6644
6646
6648
6649
6659
6662
6664
6666
6667
6668
6675
6677
6682
6683
6684
6685
6687
6689
6691
6693
6697
6698
6699
6700
6703
6704
6705
6706
6707
6709
6710
6712
6713
6714
6715
6719
6728
6730
6731
6732
6733
6735
6736
6737
6738
6739
6740
6741
6743
6744
6745
6746
6747
6748
6749
6750
6751
6752
6753
6754
6755
6756
6757
6758
6759
6760
6761
6762
6763
6764
6765
6766
6767
6768
6769
6770
6771
6772
6773
6774
6775
6776
6777
6778
6780
6781
6782
6785
6789
6799
6805
6806
6807
6808
6809
6810
6811
6813
6814
6815
6816
6817
6818
6819
6820
6822
6823
6824
6825
6826
6827
6828
6829
6830
6831
6832
6833
6835
6836
6837
6838
6839
6840
6841
6842
6850
6852
6855
6856
6857
6858
6859
6860
6861
6862
6863
6864
6866
6868
6871
6872
6873
6876
6889
6890
6891
6892
6893
6894
6898
6900
6901
6902
6903
6904
6906
6907
6908
6909
6910
6912
6915
6916
6917
6919
6920
6921
6922
6923
6924
6927
6928
6930
6931
6932
6933
6934
6936
6937
6938
6941
6944
6945
6946
6947
6953
6965
6968
6993
6994
7019
7020
7021
7022
7023
7028
7029
7030
7044
7045
7046
7047
7048
7049
7050
7051
7052
7053
7054
7055
7056
7057
7058
7059
